0,5;0;-0,5
-0,5;0;-0,5
0,5;0,09999999;-0,5
-0,5;0,09999999;-0,5
0,5;0,09999999;-0,5
-0,5;0;-0,5
-0,5;0,09999999;-0,5
-0,5;0;-0,5
-0,5;0,09999999;0,5
-0,5;0;0,5
-0,5;0,09999999;0,5
-0,5;0;-0,5
-0,5;0;0,5
0,5;0;0,5
-0,5;0,09999999;0,5
0,5;0,09999999;0,5
-0,5;0,09999999;0,5
0,5;0;0,5
0,5;0;-0,5
0,5;0,09999999;-0,5
0,5;0;0,5
0,5;0,09999999;0,5
0,5;0;0,5
0,5;0,09999999;-0,5
-0,5;0;0,5
-0,5;0;-0,5
0,5;0;0,5
0,5;0;-0,5
0,5;0;0,5
-0,5;0;-0,5
-0,28125;0,15;0,5
0,28125;0,15;0,5
-0,28125;0,15;-0,28125
0,28125;0,15;-0,28125
-0,28125;0,15;-0,28125
0,28125;0,15;0,5
-0,375;0,2;0,5
-0,5;0,2;0,5
-0,375;0,15;0,5
-0,5;0,2;0,5
-0,5;0,09999999;0,5
-0,375;0,15;0,5
0,5;0,09999999;0,5
-0,375;0,15;0,5
-0,5;0,09999999;0,5
-0,375;0,15;0,5
0,5;0,09999999;0,5
0,375;0,15;0,5
-0,28125;0,15;0,5
-0,375;0,15;0,5
0,375;0,15;0,5
0,28125;0,15;0,5
-0,28125;0,15;0,5
0,375;0,15;0,5
0,5;0,2;0,5
0,375;0,15;0,5
0,5;0,09999999;0,5
0,375;0,2;0,5
0,375;0,15;0,5
0,5;0,2;0,5
0,5;0,09999999;-0,5
-0,5;0,09999999;-0,5
0,5;0,2;-0,5
-0,5;0,2;-0,5
0,5;0,2;-0,5
-0,5;0,09999999;-0,5
-0,5;0,2;-0,5
-0,5;0,09999999;-0,5
-0,5;0,2;0,5
-0,5;0,09999999;0,5
-0,5;0,2;0,5
-0,5;0,09999999;-0,5
0,5;0,09999999;-0,5
0,5;0,2;-0,5
0,5;0,09999999;0,5
0,5;0,2;0,5
0,5;0,09999999;0,5
0,5;0,2;-0,5
-0,5;0,2;0,5
-0,375;0,2;0,5
-0,5;0,2;-0,5
-0,375;0,2;-0,375
-0,5;0,2;-0,5
-0,375;0,2;0,5
0,5;0,2;-0,5
-0,5;0,2;-0,5
-0,375;0,2;-0,375
0,375;0,2;-0,375
0,5;0,2;-0,5
-0,375;0,2;-0,375
0,5;0,2;0,5
0,5;0,2;-0,5
0,375;0,2;-0,375
0,375;0,2;-0,375
0,375;0,2;0,5
0,5;0,2;0,5
-0,375;0,15;-0,375
-0,375;0,2;-0,375
-0,375;0,15;0,5
-0,375;0,2;0,5
-0,375;0,15;0,5
-0,375;0,2;-0,375
-0,375;0,15;-0,375
0,375;0,15;-0,375
-0,375;0,2;-0,375
0,375;0,2;-0,375
-0,375;0,2;-0,375
0,375;0,15;-0,375
-0,375;0,15;0,5
-0,28125;0,15;0,5
-0,375;0,15;-0,375
-0,28125;0,15;-0,28125
-0,375;0,15;-0,375
-0,28125;0,15;0,5
0,375;0,15;-0,375
-0,375;0,15;-0,375
-0,28125;0,15;-0,28125
0,28125;0,15;-0,28125
0,375;0,15;-0,375
-0,28125;0,15;-0,28125
0,375;0,15;0,5
0,375;0,15;-0,375
0,28125;0,15;-0,28125
0,28125;0,15;-0,28125
0,28125;0,15;0,5
0,375;0,15;0,5
0,375;0,2;-0,375
0,375;0,15;-0,375
0,375;0,2;0,5
0,375;0,15;0,5
0,375;0,2;0,5
0,375;0,15;-0,375
