-0,5;0,15;0,28125
-0,5;0,15;0,375
-0,4714474;0,15;0,2831214
-0,4836843;0,15;0,3760694
-0,4714474;0,15;0,2831214
-0,5;0,15;0,375
-0,4676476;0,15;0,3792593
-0,4714474;0,15;0,2831214
-0,4836843;0,15;0,3760694
-0,4433833;0,15;0,2887037
-0,4714474;0,15;0,2831214
-0,4676476;0,15;0,3792593
-0,4521646;0,15;0,384515
-0,4433833;0,15;0,2887037
-0,4676476;0,15;0,3792593
-0,4375;0,15;0,3917468
-0,4433833;0,15;0,2887037
-0,4521646;0,15;0,384515
-0,416288;0,15;0,2979013
-0,4433833;0,15;0,2887037
-0,4375;0,15;0,3917468
-0,4239048;0,15;0,4008308
-0,416288;0,15;0,2979013
-0,4375;0,15;0,3917468
-0,4116117;0,15;0,4116117
-0,416288;0,15;0,2979013
-0,4239048;0,15;0,4008308
-0,390625;0,15;0,3105569
-0,416288;0,15;0,2979013
-0,4116117;0,15;0,4116117
-0,4008308;0,15;0,4239048
-0,390625;0,15;0,3105569
-0,4116117;0,15;0,4116117
-0,3917468;0,15;0,4375
-0,390625;0,15;0,3105569
-0,4008308;0,15;0,4239048
-0,3845151;0,15;0,4521646
-0,390625;0,15;0,3105569
-0,3917468;0,15;0,4375
-0,3668334;0,15;0,3264539
-0,390625;0,15;0,3105569
-0,3845151;0,15;0,4521646
-0,3792593;0,15;0,4676476
-0,3668334;0,15;0,3264539
-0,3845151;0,15;0,4521646
-0,3760694;0,15;0,4836843
-0,3668334;0,15;0,3264539
-0,3792593;0,15;0,4676476
-0,375;0,15;0,5
-0,3668334;0,15;0,3264539
-0,3760694;0,15;0,4836843
-0,28125;0,15;0,5
-0,3668334;0,15;0,3264539
-0,375;0,15;0,5
-0,3453204;0,15;0,3453204
-0,3668334;0,15;0,3264539
-0,28125;0,15;0,5
-0,3264539;0,15;0,3668334
-0,3453204;0,15;0,3453204
-0,28125;0,15;0,5
-0,3105569;0,15;0,390625
-0,3264539;0,15;0,3668334
-0,28125;0,15;0,5
-0,2979014;0,15;0,416288
-0,3105569;0,15;0,390625
-0,28125;0,15;0,5
-0,2887037;0,15;0,4433833
-0,2979014;0,15;0,416288
-0,28125;0,15;0,5
-0,2831214;0,15;0,4714474
-0,2887037;0,15;0,4433833
-0,28125;0,15;0,5
-0,5;0,15;-0,375
0,5;0,15;-0,375
-0,5;0,2;-0,375
0,5;0,2;-0,375
-0,5;0,2;-0,375
0,5;0,15;-0,375
-0,5;0,15;-0,28125
0,5;0,15;-0,28125
-0,5;0,15;-0,375
0,5;0,15;-0,375
-0,5;0,15;-0,375
0,5;0,15;-0,28125
0,3760694;0,2;0,4836843
0,3760694;0,15;0,4836843
0,375;0,2;0,5
0,375;0,15;0,5
0,375;0,2;0,5
0,3760694;0,15;0,4836843
0,3792593;0,2;0,4676476
0,3792593;0,15;0,4676476
0,3760694;0,2;0,4836843
0,3760694;0,15;0,4836843
0,3760694;0,2;0,4836843
0,3792593;0,15;0,4676476
0,28125;0,15;0,5
0,375;0,15;0,5
0,2831214;0,15;0,4714474
0,2887037;0,15;0,4433833
0,2831214;0,15;0,4714474
0,375;0,15;0,5
0,2979013;0,15;0,416288
0,2887037;0,15;0,4433833
0,375;0,15;0,5
0,3105569;0,15;0,390625
0,2979013;0,15;0,416288
0,375;0,15;0,5
0,3264539;0,15;0,3668334
0,3105569;0,15;0,390625
0,375;0,15;0,5
0,3453204;0,15;0,3453204
0,3264539;0,15;0,3668334
0,375;0,15;0,5
0,3668334;0,15;0,3264539
0,3453204;0,15;0,3453204
0,375;0,15;0,5
0,3760694;0,15;0,4836843
0,3668334;0,15;0,3264539
0,375;0,15;0,5
0,390625;0,15;0,3105569
0,3668334;0,15;0,3264539
0,3760694;0,15;0,4836843
0,3792593;0,15;0,4676476
0,390625;0,15;0,3105569
0,3760694;0,15;0,4836843
0,384515;0,15;0,4521646
0,390625;0,15;0,3105569
0,3792593;0,15;0,4676476
0,3917468;0,15;0,4375
0,390625;0,15;0,3105569
0,384515;0,15;0,4521646
0,416288;0,15;0,2979014
0,390625;0,15;0,3105569
0,3917468;0,15;0,4375
0,4008308;0,15;0,4239048
0,416288;0,15;0,2979014
0,3917468;0,15;0,4375
0,4116117;0,15;0,4116117
0,416288;0,15;0,2979014
0,4008308;0,15;0,4239048
0,4239048;0,15;0,4008308
0,416288;0,15;0,2979014
0,4116117;0,15;0,4116117
0,4433833;0,15;0,2887037
0,416288;0,15;0,2979014
0,4239048;0,15;0,4008308
0,4375;0,15;0,3917468
0,4433833;0,15;0,2887037
0,4239048;0,15;0,4008308
0,4521646;0,15;0,3845151
0,4433833;0,15;0,2887037
0,4375;0,15;0,3917468
0,4714474;0,15;0,2831214
0,4433833;0,15;0,2887037
0,4521646;0,15;0,3845151
0,4676476;0,15;0,3792593
0,4714474;0,15;0,2831214
0,4521646;0,15;0,3845151
0,4836843;0,15;0,3760694
0,4714474;0,15;0,2831214
0,4676476;0,15;0,3792593
0,5;0,15;0,28125
0,4714474;0,15;0,2831214
0,4836843;0,15;0,3760694
0,5;0,15;0,375
0,5;0,15;0,28125
0,4836843;0,15;0,3760694
0,384515;0,2;0,4521646
0,384515;0,15;0,4521646
0,3792593;0,2;0,4676476
0,3792593;0,15;0,4676476
0,3792593;0,2;0,4676476
0,384515;0,15;0,4521646
0,4008308;0,2;0,4239048
0,4008308;0,15;0,4239048
0,3917468;0,2;0,4375
0,3917468;0,15;0,4375
0,3917468;0,2;0,4375
0,4008308;0,15;0,4239048
0,3917468;0,2;0,4375
0,3917468;0,15;0,4375
0,384515;0,2;0,4521646
0,384515;0,15;0,4521646
0,384515;0,2;0,4521646
0,3917468;0,15;0,4375
0,4375;0,15;0,3917468
0,4239048;0,15;0,4008308
0,4375;0,2;0,3917468
0,4239048;0,2;0,4008308
0,4375;0,2;0,3917468
0,4239048;0,15;0,4008308
-0,4239048;0,15;0,4008308
-0,4375;0,15;0,3917468
-0,4239048;0,2;0,4008308
-0,4375;0,2;0,3917468
-0,4239048;0,2;0,4008308
-0,4375;0,15;0,3917468
-0,3792593;0,15;0,4676476
-0,3792593;0,2;0,4676476
-0,3760694;0,15;0,4836843
-0,3760694;0,2;0,4836843
-0,3760694;0,15;0,4836843
-0,3792593;0,2;0,4676476
0,4676476;0,15;0,3792593
0,4521646;0,15;0,3845151
0,4676476;0,2;0,3792593
0,4521646;0,2;0,3845151
0,4676476;0,2;0,3792593
0,4521646;0,15;0,3845151
-0,4116117;0,15;0,4116117
-0,4239048;0,15;0,4008308
-0,4116117;0,2;0,4116117
-0,4239048;0,2;0,4008308
-0,4116117;0,2;0,4116117
-0,4239048;0,15;0,4008308
-0,4676476;0,15;0,3792593
-0,4836843;0,15;0,3760694
-0,4676476;0,2;0,3792593
-0,4836843;0,2;0,3760694
-0,4676476;0,2;0,3792593
-0,4836843;0,15;0,3760694
0,4239048;0,15;0,4008308
0,4116117;0,15;0,4116117
0,4239048;0,2;0,4008308
0,4116117;0,2;0,4116117
0,4239048;0,2;0,4008308
0,4116117;0,15;0,4116117
0,4836843;0,15;0,3760694
0,4676476;0,15;0,3792593
0,4836843;0,2;0,3760694
0,4676476;0,2;0,3792593
0,4836843;0,2;0,3760694
0,4676476;0,15;0,3792593
-0,3917468;0,15;0,4375
-0,3917468;0,2;0,4375
-0,3845151;0,15;0,4521646
-0,3845151;0,2;0,4521646
-0,3845151;0,15;0,4521646
-0,3917468;0,2;0,4375
-0,3760694;0,15;0,4836843
-0,3760694;0,2;0,4836843
-0,375;0,15;0,5
-0,375;0,2;0,5
-0,375;0,15;0,5
-0,3760694;0,2;0,4836843
-0,3845151;0,15;0,4521646
-0,3845151;0,2;0,4521646
-0,3792593;0,15;0,4676476
-0,3792593;0,2;0,4676476
-0,3792593;0,15;0,4676476
-0,3845151;0,2;0,4521646
-0,4836843;0,15;0,3760694
-0,5;0,15;0,375
-0,4836843;0,2;0,3760694
-0,5;0,2;0,375
-0,4836843;0,2;0,3760694
-0,5;0,15;0,375
-0,4008308;0,15;0,4239048
-0,4008308;0,2;0,4239048
-0,3917468;0,15;0,4375
-0,3917468;0,2;0,4375
-0,3917468;0,15;0,4375
-0,4008308;0,2;0,4239048
-0,4116117;0,15;0,4116117
-0,4116117;0,2;0,4116117
-0,4008308;0,15;0,4239048
-0,4008308;0,2;0,4239048
-0,4008308;0,15;0,4239048
-0,4116117;0,2;0,4116117
-0,4375;0,15;0,3917468
-0,4521646;0,15;0,384515
-0,4375;0,2;0,3917468
-0,4521646;0,2;0,384515
-0,4375;0,2;0,3917468
-0,4521646;0,15;0,384515
0,4116117;0,2;0,4116117
0,4116117;0,15;0,4116117
0,4008308;0,2;0,4239048
0,4008308;0,15;0,4239048
0,4008308;0,2;0,4239048
0,4116117;0,15;0,4116117
0,5;0,15;0,375
0,4836843;0,15;0,3760694
0,5;0,2;0,375
0,4836843;0,2;0,3760694
0,5;0,2;0,375
0,4836843;0,15;0,3760694
0,4521646;0,15;0,3845151
0,4375;0,15;0,3917468
0,4521646;0,2;0,3845151
0,4375;0,2;0,3917468
0,4521646;0,2;0,3845151
0,4375;0,15;0,3917468
-0,4521646;0,15;0,384515
-0,4676476;0,15;0,3792593
-0,4521646;0,2;0,384515
-0,4676476;0,2;0,3792593
-0,4521646;0,2;0,384515
-0,4676476;0,15;0,3792593
0,375;0,2;0,5
0,5;0,2;0,5
0,3760694;0,2;0,4836843
0,3792593;0,2;0,4676476
0,3760694;0,2;0,4836843
0,5;0,2;0,5
0,384515;0,2;0,4521646
0,3792593;0,2;0,4676476
0,5;0,2;0,5
0,3917468;0,2;0,4375
0,384515;0,2;0,4521646
0,5;0,2;0,5
0,4008308;0,2;0,4239048
0,3917468;0,2;0,4375
0,5;0,2;0,5
0,4116117;0,2;0,4116117
0,4008308;0,2;0,4239048
0,5;0,2;0,5
0,4239048;0,2;0,4008308
0,4116117;0,2;0,4116117
0,5;0,2;0,5
0,4375;0,2;0,3917468
0,4239048;0,2;0,4008308
0,5;0,2;0,5
0,4521646;0,2;0,3845151
0,4375;0,2;0,3917468
0,5;0,2;0,5
0,4676476;0,2;0,3792593
0,4521646;0,2;0,3845151
0,5;0,2;0,5
0,4836843;0,2;0,3760694
0,4676476;0,2;0,3792593
0,5;0,2;0,5
0,5;0,2;0,375
0,4836843;0,2;0,3760694
0,5;0,2;0,5
-0,375;0,2;0,5
-0,5;0,2;0,5
-0,375;0,15;0,5
-0,5;0,2;0,5
-0,5;0,09999999;0,5
-0,375;0,15;0,5
0,5;0,09999999;0,5
-0,375;0,15;0,5
-0,5;0,09999999;0,5
0,375;0,15;0,5
-0,375;0,15;0,5
0,5;0,09999999;0,5
0,5;0,09999999;0,5
0,5;0,2;0,5
0,375;0,15;0,5
0,375;0,2;0,5
0,375;0,15;0,5
0,5;0,2;0,5
0,375;0,15;0,5
0,28125;0,15;0,5
-0,375;0,15;0,5
-0,28125;0,15;0,5
-0,375;0,15;0,5
0,28125;0,15;0,5
0,5;0,2;0,5
0,5;0,09999999;0,5
0,5;0,2;0,375
0,5;0,2;0,375
0,5;0,09999999;0,5
0,5;0,15;0,375
0,5;0,15;0,375
0,5;0,09999999;0,5
0,5;0,15;0,28125
0,5;0,15;0,28125
0,5;0,09999999;0,5
0,5;0,15;-0,28125
0,5;0,15;-0,28125
0,5;0,09999999;0,5
0,5;0,15;-0,375
0,5;0,09999999;0,5
0,5;0,09999999;-0,5
0,5;0,15;-0,375
0,5;0,2;-0,5
0,5;0,15;-0,375
0,5;0,09999999;-0,5
0,5;0,15;-0,375
0,5;0,2;-0,5
0,5;0,2;-0,375
0,5;0,09999999;-0,5
-0,5;0,09999999;-0,5
0,5;0,2;-0,5
-0,5;0,2;-0,5
0,5;0,2;-0,5
-0,5;0,09999999;-0,5
-0,5;0,2;-0,375
0,5;0,2;-0,375
-0,5;0,2;-0,5
0,5;0,2;-0,5
-0,5;0,2;-0,5
0,5;0,2;-0,375
-0,5;0,2;0,375
-0,5;0,15;0,375
-0,5;0,2;0,5
-0,5;0,2;0,5
-0,5;0,15;0,375
-0,5;0,09999999;0,5
-0,5;0,15;0,375
-0,5;0,15;0,28125
-0,5;0,09999999;0,5
-0,5;0,15;0,28125
-0,5;0,15;-0,28125
-0,5;0,09999999;0,5
-0,5;0,15;-0,28125
-0,5;0,15;-0,375
-0,5;0,09999999;0,5
-0,5;0,09999999;0,5
-0,5;0,15;-0,375
-0,5;0,09999999;-0,5
-0,5;0,15;-0,375
-0,5;0,2;-0,375
-0,5;0,09999999;-0,5
-0,5;0,2;-0,5
-0,5;0,09999999;-0,5
-0,5;0,2;-0,375
-0,5;0,2;0,5
-0,375;0,2;0,5
-0,5;0,2;0,375
-0,4836843;0,2;0,3760694
-0,5;0,2;0,375
-0,375;0,2;0,5
-0,4676476;0,2;0,3792593
-0,4836843;0,2;0,3760694
-0,375;0,2;0,5
-0,4521646;0,2;0,384515
-0,4676476;0,2;0,3792593
-0,375;0,2;0,5
-0,4375;0,2;0,3917468
-0,4521646;0,2;0,384515
-0,375;0,2;0,5
-0,4239048;0,2;0,4008308
-0,4375;0,2;0,3917468
-0,375;0,2;0,5
-0,4116117;0,2;0,4116117
-0,4239048;0,2;0,4008308
-0,375;0,2;0,5
-0,4008308;0,2;0,4239048
-0,4116117;0,2;0,4116117
-0,375;0,2;0,5
-0,3917468;0,2;0,4375
-0,4008308;0,2;0,4239048
-0,375;0,2;0,5
-0,3845151;0,2;0,4521646
-0,3917468;0,2;0,4375
-0,375;0,2;0,5
-0,3792593;0,2;0,4676476
-0,3845151;0,2;0,4521646
-0,375;0,2;0,5
-0,3760694;0,2;0,4836843
-0,3792593;0,2;0,4676476
-0,375;0,2;0,5
-0,5;0,09999999;-0,5
-0,5;0;-0,5
-0,5;0,09999999;0,5
-0,5;0;0,5
-0,5;0,09999999;0,5
-0,5;0;-0,5
-0,5;0,15;0,28125
-0,4714474;0,15;0,2831214
-0,5;0,15;-0,28125
0,5;0,15;-0,28125
-0,5;0,15;-0,28125
-0,4714474;0,15;0,2831214
-0,4433833;0,15;0,2887037
0,5;0,15;-0,28125
-0,4714474;0,15;0,2831214
-0,416288;0,15;0,2979013
0,5;0,15;-0,28125
-0,4433833;0,15;0,2887037
-0,390625;0,15;0,3105569
0,5;0,15;-0,28125
-0,416288;0,15;0,2979013
-0,3668334;0,15;0,3264539
0,5;0,15;-0,28125
-0,390625;0,15;0,3105569
-0,3453204;0,15;0,3453204
0,5;0,15;-0,28125
-0,3668334;0,15;0,3264539
-0,3264539;0,15;0,3668334
0,5;0,15;-0,28125
-0,3453204;0,15;0,3453204
-0,3105569;0,15;0,390625
0,5;0,15;-0,28125
-0,3264539;0,15;0,3668334
-0,2979014;0,15;0,416288
0,5;0,15;-0,28125
-0,3105569;0,15;0,390625
-0,2887037;0,15;0,4433833
0,5;0,15;-0,28125
-0,2979014;0,15;0,416288
-0,2831214;0,15;0,4714474
0,5;0,15;-0,28125
-0,2887037;0,15;0,4433833
-0,28125;0,15;0,5
0,5;0,15;-0,28125
-0,2831214;0,15;0,4714474
0,2887037;0,15;0,4433833
0,5;0,15;-0,28125
-0,28125;0,15;0,5
0,2831214;0,15;0,4714474
0,2887037;0,15;0,4433833
-0,28125;0,15;0,5
0,28125;0,15;0,5
0,2831214;0,15;0,4714474
-0,28125;0,15;0,5
0,2979013;0,15;0,416288
0,5;0,15;-0,28125
0,2887037;0,15;0,4433833
0,3105569;0,15;0,390625
0,5;0,15;-0,28125
0,2979013;0,15;0,416288
0,3264539;0,15;0,3668334
0,5;0,15;-0,28125
0,3105569;0,15;0,390625
0,3453204;0,15;0,3453204
0,5;0,15;-0,28125
0,3264539;0,15;0,3668334
0,3668334;0,15;0,3264539
0,5;0,15;-0,28125
0,3453204;0,15;0,3453204
0,390625;0,15;0,3105569
0,5;0,15;-0,28125
0,3668334;0,15;0,3264539
0,416288;0,15;0,2979014
0,5;0,15;-0,28125
0,390625;0,15;0,3105569
0,4433833;0,15;0,2887037
0,5;0,15;-0,28125
0,416288;0,15;0,2979014
0,4714474;0,15;0,2831214
0,5;0,15;-0,28125
0,4433833;0,15;0,2887037
0,5;0,15;0,28125
0,5;0,15;-0,28125
0,4714474;0,15;0,2831214
-0,5;0;0,5
0,5;0;0,5
-0,5;0,09999999;0,5
0,5;0,09999999;0,5
-0,5;0,09999999;0,5
0,5;0;0,5
0,5;0;-0,5
-0,5;0;-0,5
0,5;0,09999999;-0,5
-0,5;0,09999999;-0,5
0,5;0,09999999;-0,5
-0,5;0;-0,5
-0,5;0;0,5
-0,5;0;-0,5
0,5;0;0,5
0,5;0;-0,5
0,5;0;0,5
-0,5;0;-0,5
0,5;0;-0,5
0,5;0,09999999;-0,5
0,5;0;0,5
0,5;0,09999999;0,5
0,5;0;0,5
0,5;0,09999999;-0,5
